10,172
10,206
10,208
10,6
10,292
10,1
10,198
10,2
10,3
11,24
11,25
11,20
11,19
11,12
11,1
11,9
11,2
11,3
9,7
9,6
9,1
9,4
9,2
9,3
8,17
8,11
8,16
8,1
8,12
8,2
8,3
12,2
12,1
12,3
20,2
20,1
20,3
19,2
19,1
19,3
18,1
18,3
14,1
14,11
2,2
2,1
2,3
133,3
133,2
133,1
133,0
132,6
132,5
132,4
132,3
132,2
132,1
132,0
131,4
131,3
131,2
131,1
131,0
130,7
130,6
130,5
130,4
130,3
130,2
130,1
130,0
128,7
128,6
128,5
128,4
128,3
128,2
128,1
128,0
127,7
127,6
127,5
127,4
127,3
127,2
127,1
127,0
126,9
126,8
126,7
126,6
126,5
126,4
126,3
126,2
126,1
126,0
125,13
125,12
125,11
125,10
125,9
125,8
125,7
125,6
125,5
125,4
125,3
125,2
125,1
125,0
124,5
124,4
124,3
124,2
124,1
124,0
123,7
123,6
123,5
123,4
123,3
123,2
123,1
123,0
118,5
118,4
118,3
118,2
118,1
118,0
